514308
572108
529748
572046
529749
572047
514379
572179
514289
572089
514370
572170
514287
572087
514297
572097
514286
572086
514280
572080
514319
572119
514288
572088
514374
572174
514369
572169
514284
572084
514282
572082
514357
572157
514361
572161
514362
572162
514341
572141
514363
572163
514365
572165
514366
572166
514367
572167
514364
572164
514339
572139
514340
572140
514337
572137
514336
572136
514352
572152
529738
572037
529747
572045
529734
572033
514381
572181
529744
572043
529746
572044
514298
572098
514318
572118
514303
572103
514294
572094
514304
572104
514299
572099
514300
572100
514302
572102
514305
572105
514290
572090
529763
572060
529764
572061
529750
572048
514295
572095
514292
572092
514296
572096
514293
572093
514348
572148
529743
572042
514328
572128
514350
572150
529756
572053
529757
572054
514351
572151
514307
572107
529769
572066
514306
572106
529739
572038
514320
572120
529754
572051
529776
572073
514326
572126
514324
572124
514323
572123
514329
572129
529762
572059
529752
572049
514315
572115
514312
572112
514310
572110
529736
572035
529737
572036
514321
572121
514355
572155
529735
572034
514368
572168
514316
572116
514317
572117
514358
572158
514359
572159
514360
572160
514347
572147
529742
572041
529741
572040
514353
572153
529759
572056
529760
572057
529767
572064
529779
572076
529768
572065
514356
572156
529755
572052
529761
572058
514331
572131
529774
572071
514380
572180
529777
572074
514311
572111
514372
572172
514371
572171
514322
572122
514309
572109
514301
572101
514281
572081
514313
572113
514349
572149
514285
572085
514314
572114
514283
572083
514327
572127
514354
572154
529753
572050
514291
572091
529766
572063
529770
572067
529837
572079
529758
529765
572055
572062
529781
572078
529778
572075
514346
572146
514325
572125
514342
572142
514376
572176
514332
572132
514378
572178
514343
572143
514344
572144
514373
572173
514334
572134
514330
572130
514333
572133
514377
572177
514345
572145
514375
572175
514338
572138
514335
572135
529740
572039
529780
572077
529775
572072
529772
529773
572069
572070
529771
572068